uint16_t rawData[67] = {9230, 4470, 630, 520, 630, 520, 630, 520, 580, 570, 580, 570, 580, 520, 630, 520, 630, 570, 580, 1620, 580, 1670, 580, 1670, 580, 1620, 630, 520, 630, 1620, 630, 1620, 580, 1670, 580, 520, 630, 520, 580, 570, 580, 570, 580, 520, 630, 520, 630, 520, 580, 570, 580, 1670, 580, 1620, 630, 1620, 630, 1620, 580, 1670, 580, 1620, 630, 1620, 580, 1670, 580};//Protocol=NECAddress=0xEF00Command=0x0Raw-Data=0xFF00EF0032bitsLSBfirstGap=3276750usDuration=67300us

uint16_t rawData[67] = {9230, 4520, 580, 570, 580, 520, 630, 520, 580, 570, 630, 520, 630, 520, 580, 570, 580, 570, 580, 1670, 580, 1670, 580, 1670, 580, 1670, 580, 570, 580, 1670, 580, 1670, 580, 1620, 630, 1620, 630, 520, 630, 520, 580, 620, 530, 570, 580, 570, 580, 570, 580, 520, 630, 520, 630, 1620, 580, 1670, 580, 1670, 580, 1670, 580, 1670, 580, 1620, 580, 1670, 630};//Protocol=NECAddress=0xEF00Command=0x1Raw-Data=0xFE01EF0032bitsLSBfirstGap=858100usDuration=67500us

uint16_t rawData[67] = {9230, 4470, 630, 520, 630, 520, 580, 570, 580, 570, 580, 570, 580, 520, 630, 520, 630, 520, 630, 1620, 630, 1620, 630, 1620, 630, 1620, 630, 570, 530, 1670, 580, 1670, 580, 1670, 580, 570, 580, 1670, 580, 570, 580, 520, 630, 520, 630, 520, 630, 520, 580, 570, 580, 1670, 580, 570, 580, 1670, 580, 1620, 630, 1620, 630, 1670, 580, 1620, 630, 1620, 630};//Protocol=NECAddress=0xEF00Command=0x2Raw-Data=0xFD02EF0032bitsLSBfirstGap=1070300usDuration=67500us

uint16_t rawData[67] = {9230, 4470, 580, 570, 580, 570, 580, 520, 630, 520, 630, 520, 630, 520, 630, 520, 580, 570, 580, 1670, 580, 1620, 630, 1620, 580, 1670, 580, 570, 580, 1670, 580, 1670, 580, 1670, 580, 1670, 580, 1670, 580, 520, 630, 520, 630, 520, 630, 520, 630, 520, 630, 520, 580, 570, 580, 570, 580, 1670, 580, 1670, 580, 1620, 630, 1620, 630, 1620, 630, 1620, 630};//Protocol=NECAddress=0xEF00Command=0x3Raw-Data=0xFC03EF0032bitsLSBfirstGap=1122900usDuration=67450us

uint16_t rawData[67] = {9230, 4470, 630, 520, 580, 570, 580, 520, 630, 520, 630, 520, 580, 570, 580, 520, 630, 520, 630, 1620, 580, 1670, 580, 1620, 630, 1620, 630, 520, 580, 1670, 580, 1620, 630, 1620, 630, 520, 580, 570, 580, 1620, 630, 520, 630, 520, 580, 570, 580, 520, 630, 520, 630, 1620, 580, 1670, 580, 520, 630, 1620, 580, 1670, 580, 1620, 630, 1620, 630, 1620, 580};//Protocol=NECAddress=0xEF00Command=0x4Raw-Data=0xFB04EF0032bitsLSBfirstGap=963750usDuration=67200us

uint16_t rawData[67] = {9180, 4470, 580, 570, 580, 520, 630, 520, 580, 570, 580, 520, 630, 520, 630, 520, 580, 570, 580, 1620, 630, 1670, 530, 1670, 580, 1620, 630, 520, 580, 1670, 580, 1620, 630, 1620, 580, 1670, 580, 520, 630, 1620, 580, 570, 580, 520, 630, 520, 580, 570, 580, 520, 630, 520, 580, 1670, 530, 570, 580, 1670, 580, 1620, 580, 1670, 580, 1620, 580, 1670, 580};//Protocol=NECAddress=0xEF00Command=0x5Raw-Data=0xFA05EF0032bitsLSBfirstGap=1014800usDuration=67000us

uint16_t rawData[67] = {8930, 4520, 580, 570, 580, 570, 580, 570, 580, 520, 630, 520, 630, 520, 580, 570, 580, 520, 630, 1620, 630, 1620, 630, 1620, 580, 1670, 580, 570, 580, 1620, 630, 1620, 630, 1620, 580, 570, 580, 1620, 630, 1620, 630, 520, 580, 570, 580, 570, 580, 570, 580, 520, 630, 1620, 630, 570, 530, 570, 580, 1620, 630, 1620, 580, 1670, 580, 1670, 580, 1670, 580};//Protocol=NECAddress=0xEF00Command=0x6Raw-Data=0xF906EF0032bitsLSBfirstGap=723600usDuration=67050us

uint16_t rawData[67] = {9180, 4470, 580, 520, 580, 570, 580, 570, 580, 570, 580, 520, 580, 570, 580, 570, 580, 520, 630, 1620, 630, 1620, 580, 1670, 530, 1720, 530, 620, 530, 1670, 530, 1720, 530, 1720, 530, 1670, 530, 1770, 480, 1720, 530, 570, 530, 620, 530, 570, 530, 620, 530, 620, 530, 570, 530, 620, 530, 570, 530, 1720, 530, 1670, 580, 1670, 530, 1770, 480, 1720, 530};//Protocol=NECAddress=0xEF00Command=0x7Raw-Data=0xF807EF0032bitsLSBfirstGap=1193600usDuration=67000us

uint16_t rawData[67] = {9130, 4420, 630, 520, 630, 520, 580, 520, 630, 520, 630, 520, 580, 520, 630, 520, 580, 570, 580, 1620, 630, 1620, 580, 1620, 630, 1620, 630, 520, 580, 1620, 630, 1620, 580, 1670, 580, 520, 630, 520, 580, 570, 580, 1620, 630, 520, 580, 520, 630, 570, 580, 520, 580, 1620, 630, 1620, 580, 1670, 580, 520, 630, 1620, 580, 1620, 630, 1620, 580, 1670, 580};//Protocol=NECAddress=0xEF00Command=0x8Raw-Data=0xF708EF0032bitsLSBfirstGap=1362550usDuration=66900us

uint16_t rawData[67] = {8980, 4470, 580, 520, 630, 520, 580, 520, 580, 570, 580, 520, 630, 520, 580, 570, 580, 520, 580, 1620, 630, 1620, 580, 1620, 630, 1620, 580, 520, 580, 1620, 630, 1620, 580, 1620, 580, 1620, 630, 570, 530, 520, 630, 1620, 580, 520, 580, 570, 580, 520, 580, 570, 580, 520, 580, 1620, 630, 1620, 580, 520, 580, 1670, 580, 1620, 580, 1620, 580, 1620, 580};//Protocol=NECAddress=0xEF00Command=0x9Raw-Data=0xF609EF0032bitsLSBfirstGap=926900usDuration=66400us

uint16_t rawData[67] = {9180, 4420, 580, 570, 580, 520, 580, 570, 580, 520, 630, 570, 530, 570, 580, 520, 630, 520, 580, 1620, 630, 1620, 580, 1620, 630, 1620, 580, 520, 630, 1620, 580, 1620, 630, 1620, 580, 520, 630, 1620, 580, 520, 580, 1670, 580, 520, 580, 570, 580, 570, 580, 520, 580, 1620, 580, 570, 580, 1620, 580, 520, 630, 1620, 580, 1620, 580, 1620, 630, 1620, 580};//Protocol=NECAddress=0xEF00Command=0xARaw-Data=0xF50AEF0032bitsLSBfirstGap=837750usDuration=66700us

uint16_t rawData[67] = {9130, 4420, 630, 520, 580, 570, 580, 520, 630, 520, 630, 570, 530, 570, 580, 520, 630, 520, 580, 1670, 580, 1620, 580, 1670, 580, 1620, 630, 520, 580, 1670, 580, 1620, 630, 1620, 580, 1620, 630, 1620, 580, 570, 580, 1620, 630, 520, 580, 570, 580, 520, 630, 520, 580, 520, 630, 520, 580, 1670, 580, 570, 580, 1620, 580, 1670, 580, 1620, 630, 1620, 580};//Protocol=NECAddress=0xEF00Command=0xBRaw-Data=0xF40BEF0032bitsLSBfirstGap=1170500usDuration=66900us

uint16_t rawData[67] = {9180, 4420, 580, 570, 580, 570, 580, 520, 630, 520, 630, 520, 580, 570, 580, 520, 580, 570, 580, 1670, 580, 1620, 630, 1620, 630, 1620, 580, 520, 630, 1620, 630, 1620, 580, 1670, 580, 520, 630, 520, 580, 1670, 580, 1620, 630, 520, 580, 570, 580, 570, 580, 520, 580, 1670, 580, 1620, 630, 520, 630, 520, 580, 1670, 580, 1620, 630, 1620, 580, 1670, 580};//Protocol=NECAddress=0xEF00Command=0xCRaw-Data=0xF30CEF0032bitsLSBfirstGap=1141050usDuration=67050us

uint16_t rawData[67] = {9130, 4470, 580, 520, 630, 520, 580, 570, 580, 520, 630, 570, 530, 570, 580, 520, 630, 520, 630, 1620, 580, 1670, 580, 1620, 630, 1620, 580, 570, 580, 1620, 630, 1620, 580, 1670, 580, 1670, 580, 520, 630, 1620, 580, 1670, 580, 570, 580, 520, 580, 570, 580, 520, 630, 520, 580, 1670, 580, 520, 630, 520, 580, 1670, 580, 1620, 630, 1620, 580, 1670, 580};//Protocol=NECAddress=0xEF00Command=0xDRaw-Data=0xF20DEF0032bitsLSBfirstGap=1035900usDuration=67000us

uint16_t rawData[67] = {9130, 4470, 580, 570, 580, 570, 580, 520, 630, 520, 580, 570, 580, 520, 630, 520, 580, 570, 580, 1670, 580, 1620, 630, 1620, 580, 1670, 580, 520, 630, 1620, 630, 1620, 580, 1670, 580, 520, 630, 1620, 580, 1670, 580, 1620, 630, 520, 630, 520, 580, 570, 580, 520, 630, 1620, 580, 570, 580, 520, 630, 520, 630, 1620, 580, 1670, 580, 1620, 630, 1620, 580};//Protocol=NECAddress=0xEF00Command=0xERaw-Data=0xF10EEF0032bitsLSBfirstGap=1105850usDuration=67050us

uint16_t rawData[67] = {9080, 4470, 630, 520, 580, 570, 580, 520, 630, 520, 580, 570, 580, 520, 580, 570, 580, 520, 630, 1620, 580, 1670, 580, 1670, 580, 1620, 630, 520, 580, 1670, 580, 1620, 630, 1620, 580, 1670, 580, 1620, 630, 1620, 580, 1670, 580, 570, 580, 520, 630, 520, 580, 570, 580, 520, 630, 520, 580, 570, 580, 570, 580, 1620, 630, 1620, 580, 1670, 580, 1620, 630};//Protocol=NECAddress=0xEF00Command=0xFRaw-Data=0xF00FEF0032bitsLSBfirstGap=1078500usDuration=67000us

uint16_t rawData[67] = {9230, 4420, 580, 570, 630, 520, 580, 570, 580, 570, 580, 520, 630, 520, 580, 570, 580, 570, 580, 1620, 630, 1620, 630, 1620, 580, 1670, 580, 570, 580, 1620, 630, 1620, 630, 1620, 630, 520, 580, 570, 580, 570, 580, 520, 630, 1620, 630, 520, 580, 570, 580, 570, 580, 1620, 630, 1620, 580, 1670, 580, 1620, 630, 520, 630, 1620, 580, 1620, 630, 1620, 630};//Protocol=NECAddress=0xEF00Command=0x10Raw-Data=0xEF10EF0032bitsLSBfirstGap=1285050usDuration=67250us

uint16_t rawData[67] = {9030, 4470, 530, 620, 530, 620, 530, 570, 530, 620, 530, 620, 530, 570, 530, 620, 530, 570, 530, 1720, 530, 1720, 530, 1670, 530, 1720, 530, 620, 530, 1670, 530, 1720, 530, 1720, 530, 1670, 530, 620, 530, 620, 530, 570, 530, 1720, 530, 620, 480, 620, 530, 620, 530, 570, 530, 1720, 530, 1770, 480, 1670, 530, 620, 530, 1720, 530, 1670, 530, 1720, 530};//Protocol=NECAddress=0xEF00Command=0x11Raw-Data=0xEE11EF0032bitsLSBfirstGap=973250usDuration=66800us

uint16_t rawData[67] = {8980, 4520, 530, 620, 530, 570, 530, 620, 530, 620, 530, 570, 530, 620, 530, 620, 530, 620, 480, 1770, 480, 1720, 530, 1670, 530, 1720, 530, 570, 580, 1670, 580, 1670, 580, 1670, 530, 570, 580, 1720, 530, 570, 580, 570, 530, 1670, 580, 570, 580, 570, 530, 620, 530, 1720, 530, 620, 530, 1670, 530, 1720, 530, 570, 580, 1670, 580, 1670, 580, 1670, 530};//Protocol=NECAddress=0xEF00Command=0x12Raw-Data=0xED12EF0032bitsLSBfirstGap=1053250usDuration=66900us

uint16_t rawData[67] = {9230, 4470, 580, 520, 630, 520, 630, 520, 580, 570, 580, 570, 580, 520, 630, 520, 630, 520, 580, 1670, 580, 1670, 580, 1620, 630, 1620, 630, 520, 580, 1670, 580, 1670, 580, 1620, 630, 1620, 630, 1620, 630, 520, 580, 570, 580, 1620, 630, 520, 630, 520, 630, 520, 580, 570, 580, 520, 630, 1620, 630, 1620, 630, 520, 580, 1670, 580, 1670, 580, 1670, 580};//Protocol=NECAddress=0xEF00Command=0x13Raw-Data=0xEC13EF0032bitsLSBfirstGap=1141800usDuration=67300us

uint16_t rawData[67] = {9230, 4520, 530, 620, 530, 570, 530, 620, 530, 570, 530, 620, 530, 620, 530, 570, 530, 620, 530, 1720, 530, 1670, 530, 1720, 530, 1670, 580, 570, 530, 1720, 530, 1720, 530, 1670, 530, 570, 580, 570, 580, 1720, 530, 570, 530, 1670, 580, 620, 530, 570, 530, 620, 530, 1720, 530, 1670, 530, 620, 530, 1720, 530, 570, 530, 1720, 530, 1670, 580, 1670, 530};//Protocol=NECAddress=0xEF00Command=0x14Raw-Data=0xEB14EF0032bitsLSBfirstGap=1293700usDuration=67050us

uint16_t rawData[67] = {9080, 4520, 580, 520, 630, 570, 530, 620, 530, 570, 530, 570, 630, 520, 630, 520, 630, 570, 530, 1670, 580, 1670, 580, 1670, 530, 1720, 530, 570, 580, 1670, 580, 1670, 580, 1670, 580, 1620, 580, 570, 580, 1720, 530, 570, 580, 1670, 580, 520, 630, 520, 580, 570, 630, 520, 580, 1670, 580, 570, 580, 1670, 580, 520, 580, 1670, 580, 1670, 580, 1670, 580};//Protocol=NECAddress=0xEF00Command=0x15Raw-Data=0xEA15EF0032bitsLSBfirstGap=919950usDuration=67200us

uint16_t rawData[67] = {9180, 4470, 580, 570, 530, 570, 580, 570, 580, 570, 580, 520, 580, 570, 630, 570, 530, 570, 580, 1670, 580, 1670, 580, 1620, 580, 1670, 580, 570, 580, 1670, 580, 1670, 580, 1620, 580, 620, 530, 1720, 530, 1720, 530, 570, 530, 1670, 580, 570, 580, 620, 530, 570, 530, 1670, 580, 570, 580, 570, 580, 1720, 530, 570, 530, 1720, 530, 1670, 580, 1720, 530};//Protocol=NECAddress=0xEF00Command=0x16Raw-Data=0xE916EF0032bitsLSBfirstGap=1018000usDuration=67200us

uint16_t rawData[67] = {9130, 4470, 530, 570, 580, 570, 580, 570, 580, 520, 580, 570, 580, 620, 530, 520, 580, 570, 580, 1670, 580, 1670, 530, 1670, 580, 1720, 530, 570, 530, 1670, 580, 1670, 580, 1670, 580, 1670, 530, 1670, 580, 1670, 580, 570, 580, 1620, 580, 570, 580, 570, 580, 570, 530, 570, 580, 570, 580, 570, 530, 1670, 580, 570, 580, 1670, 580, 1620, 580, 1670, 580};//Protocol=NECAddress=0xEF00Command=0x17Raw-Data=0xE817EF0032bitsLSBfirstGap=1090400usDuration=67000us